100 52736000000.00000000000000000000
110 30720000000.00000000000000000000
120 37888000000.00000000000000000000
130 52736000000.00000000000000000000
140 27648000000.00000000000000000000
150 24064000000.00000000000000000000
160 36352000000.00000000000000000000
170 28160000000.00000000000000000000
180 39424000000.00000000000000000000
190 16384000000.00000000000000000000
200 23040000000.00000000000000000000
210 26112000000.00000000000000000000
220 50688000000.00000000000000000000
230 22016000000.00000000000000000000
240 35840000000.00000000000000000000
250 38912000000.00000000000000000000
260 29696000000.00000000000000000000
270 24064000000.00000000000000000000
280 25600000000.00000000000000000000
290 38400000000.00000000000000000000
300 39936000000.00000000000000000000
310 22016000000.00000000000000000000
320 26112000000.00000000000000000000
330 32256000000.00000000000000000000
340 22528000000.00000000000000000000
350 28160000000.00000000000000000000
360 26112000000.00000000000000000000
370 34816000000.00000000000000000000
380 34816000000.00000000000000000000
390 41984000000.00000000000000000000
400 38400000000.00000000000000000000
410 27648000000.00000000000000000000
420 24576000000.00000000000000000000
430 39936000000.00000000000000000000
440 24064000000.00000000000000000000
450 38400000000.00000000000000000000
460 35328000000.00000000000000000000
470 24064000000.00000000000000000000
480 17920000000.00000000000000000000
490 26112000000.00000000000000000000
500 17920000000.00000000000000000000
510 26112000000.00000000000000000000
520 28672000000.00000000000000000000
530 47616000000.00000000000000000000
540 22528000000.00000000000000000000
550 32768000000.00000000000000000000
560 27648000000.00000000000000000000
570 26112000000.00000000000000000000
580 36352000000.00000000000000000000
590 41472000000.00000000000000000000
600 29696000000.00000000000000000000
610 19456000000.00000000000000000000
620 16384000000.00000000000000000000
630 26112000000.00000000000000000000
640 26624000000.00000000000000000000
650 29696000000.00000000000000000000
660 48640000000.00000000000000000000
670 42496000000.00000000000000000000
680 26624000000.00000000000000000000
690 32256000000.00000000000000000000
700 31232000000.00000000000000000000
710 22016000000.00000000000000000000
720 46080000000.00000000000000000000
730 29184000000.00000000000000000000
740 28160000000.00000000000000000000
750 31744000000.00000000000000000000
760 18432000000.00000000000000000000
770 32256000000.00000000000000000000
780 26624000000.00000000000000000000
790 33792000000.00000000000000000000
800 43520000000.00000000000000000000
810 30208000000.00000000000000000000
820 34304000000.00000381469726562500
830 32768000000.00000000000000000000
840 38912000000.00000000000000000000
850 34304000000.00000381469726562500
860 30208000000.00000000000000000000
870 34304000000.00000381469726562500
880 24064000000.00000000000000000000
890 35840000000.00000000000000000000
900 34816000000.00000000000000000000
910 30720000000.00000000000000000000
920 19968000000.00000000000000000000
930 34304000000.00000381469726562500
940 26112000000.00000000000000000000
950 31232000000.00000000000000000000
960 29696000000.00000000000000000000
970 52736000000.00000000000000000000
980 29184000000.00000000000000000000
990 32768000000.00000000000000000000
1000 43008000000.00000000000000000000
