100 54860800000.00000000000000000000
600 70886400000.00000000000000000000
1100 73267200000.00000000000000000000
1600 83404800000.00000000000000000000
2100 89113600000.00000000000000000000
2600 91699200000.00000000000000000000
3100 91366400000.00000000000000000000
3600 95129600000.00000000000000000000
4100 97126400000.00000000000000000000
4600 97715200000.00000000000000000000
5100 102937600000.00000000000000000000
5600 103500800000.00000000000000000000
6100 104883200000.00000000000000000000
6600 106598400000.00000000000000000000
7100 107366400000.00000000000000000000
7600 102912000000.00000000000000000000
8100 113024000000.00000000000000000000
8600 117017600000.00000000000000000000
9100 118937600000.00000000000000000000
9600 124339200000.00000000000000000000
