1000 17766400000.00000000000000000000
1500 17228800000.00000000000000000000
2000 15539200000.00000000000000000000
2500 15846400000.00000000000000000000
3000 17664000000.00000000000000000000
3500 15769600000.00000000000000000000
4000 17817600000.00000000000000000000
4500 16716800000.00000000000000000000
5000 32588800000.00000000000000000000
5500 51532800000.00000000000000000000
6000 51814400000.00000000000000000000
6500 42419200000.00000000000000000000
7000 41267200000.00000000000000000000
7500 39372800000.00000000000000000000
8000 38809600000.00000000000000000000
8500 38912000000.00000000000000000000
9000 42214400000.00000000000000000000
9500 40217600000.00000000000000000000
10000 39936000000.00000000000000000000
