1000 117299200000.00000000000000000000
1500 128537600000.00000000000000000000
2000 140748800000.00000000000000000000
2500 161126400000.00000000000000000000
3000 159974400000.00000000000000000000
3500 158412800000.00000000000000000000
4000 168806400000.00000000000000000000
4500 185241600000.00000000000000000000
5000 181120000000.00000000000000000000
5500 182144000000.00000000000000000000
6000 185651200000.00000000000000000000
6500 193664000000.00000000000000000000
7000 195814400000.00000000000000000000
7500 204160000000.00000000000000000000
8000 206284800000.00000000000000000000
8500 211353600000.00000000000000000000
9000 212198400000.00000000000000000000
9500 214067200000.00000000000000000000
10000 221926400000.00000000000000000000
