1000 105753600000.00000000000000000000
1500 109286400000.00000000000000000000
2000 115148800000.00000000000000000000
2500 125081600000.00000000000000000000
3000 129740800000.00000000000000000000
3500 129868800000.00000000000000000000
4000 136960000000.00001525878906250000
4500 146534400000.00000000000000000000
5000 142259200000.00000000000000000000
5500 146662400000.00000000000000000000
6000 147865600000.00000000000000000000
6500 159283200000.00000000000000000000
7000 153753600000.00000000000000000000
7500 165452800000.00000000000000000000
8000 170931200000.00000000000000000000
8500 166451200000.00000000000000000000
9000 166579200000.00000000000000000000
9500 174822400000.00000000000000000000
10000 179148800000.00000000000000000000
