1000 12672000000.00000000000000000000
1500 16793600000.00000190734863281250
2000 14054400000.00000000000000000000
2500 16512000000.00000000000000000000
3000 16384000000.00000000000000000000
3500 15129600000.00000000000000000000
4000 16204799999.99999809265136718750
4500 13798400000.00000000000000000000
5000 17126400000.00000000000000000000
5500 14515200000.00000000000000000000
6000 14003200000.00000000000000000000
6500 15385600000.00000000000000000000
7000 16307200000.00000190734863281250
7500 16153600000.00000000000000000000
8000 16230400000.00000000000000000000
8500 13158400000.00000000000000000000
9000 14003200000.00000000000000000000
9500 13286400000.00000000000000000000
10000 16204799999.99999809265136718750
