1000 45952000000.00000000000000000000
1500 44364800000.00000000000000000000
2000 47974400000.00000000000000000000
2500 48537600000.00000000000000000000
3000 54451200000.00000000000000000000
3500 55680000000.00000000000000000000
4000 51200000000.00000000000000000000
4500 58342400000.00000000000000000000
5000 61644800000.00000000000000000000
5500 61849600000.00000000000000000000
6000 64409600000.00000000000000000000
6500 59187200000.00000000000000000000
7000 64588800000.00000762939453125000
7500 62105600000.00000000000000000000
8000 65254400000.00000762939453125000
8500 67609600000.00000000000000000000
9000 68992000000.00000000000000000000
9500 65843199999.99999237060546875000
10000 72192000000.00000000000000000000
